422
425
428
430
433
436
438
441
444
446
449
452
454
457
460
462
465
467
470
473
475
478
481
483
486
488
491
494
496
499
502
504
507
509
512
515
517
520
522
525
527
530
533
535
538
540
543
545
548
550
553
555
558
560
563
565
568
570
573
575
578
580
583
585
588
590
593
595
597
600
602
605
607
609
612
614
617
619
621
624
626
628
631
633
635
637
640
642
644
646
649
651
653
655
658
660
662
664
666
669
671
673
675
677
679
681
683
685
688
690
692
694
696
698
700
702
704
706
708
710
712
713
715
717
719
721
723
725
727
728
730
732
734
736
737
739
741
743
744
746
748
750
751
753
755
756
758
759
761
763
764
766
767
769
770
772
773
775
776
778
779
780
782
783
785
786
787
789
790
791
793
794
795
796
798
799
800
801
802
803
805
806
807
808
809
810
811
812
813
814
815
816
817
818
819
820
821
822
822
823
824
825
826
827
827
828
829
829
830
831
832
832
833
833
834
835
835
836
836
837
837
838
838
839
839
840
840
840
841
841
841
842
842
842
843
843
843
843
844
844
844
844
844
844
844
845
845
845
845
845
845
845
845
845
845
845
844
844
844
844
844
844
844
843
843
843
843
842
842
842
841
841
841
840
840
840
839
839
838
838
837
837
836
836
835
835
834
833
833
832
832
831
830
829
829
828
827
827
826
825
824
823
822
822
821
820
819
818
817
816
815
814
813
812
811
810
809
808
807
806
805
803
802
801
800
799
798
796
795
794
793
791
790
789
787
786
785
783
782
780
779
778
776
775
773
772
770
769
767
766
764
763
761
759
758
756
755
753
751
750
748
746
744
743
741
739
737
736
734
732
730
728
727
725
723
721
719
717
715
713
712
710
708
706
704
702
700
698
696
694
692
690
688
685
683
681
679
677
675
673
671
669
666
664
662
660
658
655
653
651
649
646
644
642
640
637
635
633
631
628
626
624
621
619
617
614
612
609
607
605
602
600
597
595
593
590
588
585
583
580
578
575
573
570
568
565
563
560
558
555
553
550
548
545
543
540
538
535
533
530
527
525
522
520
517
515
512
509
507
504
502
499
496
494
491
488
486
483
481
478
475
473
470
467
465
462
460
457
454
452
449
446
444
441
438
436
433
430
428
425
422
420
417
414
412
409
406
404
401
399
396
393
391
388
385
383
380
377
375
372
369
367
364
362
359
356
354
351
348
346
343
341
338
335
333
330
328
325
323
320
317
315
312
310
307
305
302
299
297
294
292
289
287
284
282
279
277
274
272
269
267
264
262
260
257
255
252
250
247
245
243
240
238
235
233
231
228
226
224
221
219
217
214
212
210
207
205
203
201
198
196
194
192
189
187
185
183
181
178
176
174
172
170
168
166
164
161
159
157
155
153
151
149
147
145
143
141
139
137
135
133
131
129
127
126
124
122
120
118
116
114
113
111
109
107
106
104
102
100
99
97
95
94
92
90
89
87
85
84
82
81
79
78
76
75
73
72
70
69
67
66
64
63
62
60
59
57
56
55
54
52
51
50
48
47
46
45
44
42
41
40
39
38
37
36
35
34
33
32
31
30
29
28
27
26
25
24
23
22
22
21
20
19
18
18
17
16
15
15
14
13
13
12
11
11
10
10
9
9
8
7
7
7
6
6
5
5
4
4
4
3
3
3
2
2
2
2
1
1
1
1
1
1
0
0
0
0
0
0
0
0
0
0
0
0
0
0
0
1
1
1
1
1
1
2
2
2
2
3
3
3
4
4
4
5
5
6
6
7
7
7
8
9
9
10
10
11
11
12
13
13
14
15
15
16
17
18
18
19
20
21
22
22
23
24
25
26
27
28
29
30
31
32
33
34
35
36
37
38
39
40
41
42
44
45
46
47
48
50
51
52
54
55
56
57
59
60
62
63
64
66
67
69
70
72
73
75
76
78
79
81
82
84
85
87
89
90
92
94
95
97
99
100
102
104
106
107
109
111
113
114
116
118
120
122
124
126
127
129
131
133
135
137
139
141
143
145
147
149
151
153
155
157
159
161
164
166
168
170
172
174
176
178
181
183
185
187
189
192
194
196
198
201
203
205
207
210
212
214
217
219
221
224
226
228
231
233
235
238
240
243
245
247
250
252
255
257
260
262
264
267
269
272
274
277
279
282
284
287
289
292
294
297
299
302
305
307
310
312
315
317
320
323
325
328
330
333
335
338
341
343
346
348
351
354
356
359
362
364
367
369
372
375
377
380
383
385
388
391
393
396
399
401
404
406
409
412
414
417
420
